# Made in Blockbench 4.12.4
mtllib materials.mtl

o cube
v -0.09400536134377568 0.8817770717722084 -0.2618025265409201
v -0.11552568552312625 0.8789438673451067 -0.38490349566744614
v -0.05321592627500957 0.5719505525928927 -0.2618025265409201
v -0.07473625045436014 0.5691173481657908 -0.38490349566744614
v -0.23757350879375655 0.862875966586423 -0.3631974734590799
v -0.21605318461440598 0.865709171013525 -0.24009650433255386
v -0.19678407372499043 0.5530494474071073 -0.3631974734590799
v -0.17526374954563986 0.5558826518342092 -0.24009650433255386
vt 0.03125 0.96875
vt 0.0625 0.96875
vt 0.0625 0.890625
vt 0.03125 0.890625
vt 0 0.96875
vt 0.03125 0.96875
vt 0.03125 0.890625
vt 0 0.890625
vt 0.09375 0.96875
vt 0.125 0.96875
vt 0.125 0.890625
vt 0.09375 0.890625
vt 0.0625 0.96875
vt 0.09375 0.96875
vt 0.09375 0.890625
vt 0.0625 0.890625
vt 0.0625 0.96875
vt 0.03125 0.96875
vt 0.03125 1
vt 0.0625 1
vt 0.09375 1
vt 0.0625 1
vt 0.0625 0.96875
vt 0.09375 0.96875
vn -0.17216259343480456 -0.02266563541681542 -0.9848077530122082
vn 0.9763825861650425 0.12854320606946856 -0.17364817766693036
vn 0.17216259343480456 0.02266563541681542 0.9848077530122082
vn -0.9763825861650425 -0.12854320606946856 0.17364817766693036
vn -0.13052619222005157 0.9914448613738104 -0
vn 0.13052619222005157 -0.9914448613738104 0
usemtl m_93f66b50-9d6b-8342-3e1c-3077f30a1794
f 7/3/1 5/2/1 2/1/1
f 4/4/1 7/3/1 2/1/1
f 4/7/2 2/6/2 1/5/2
f 3/8/2 4/7/2 1/5/2
f 3/11/3 1/10/3 6/9/3
f 8/12/3 3/11/3 6/9/3
f 8/15/4 6/14/4 5/13/4
f 7/16/4 8/15/4 5/13/4
f 1/19/5 2/18/5 5/17/5
f 6/20/5 1/19/5 5/17/5
f 4/23/6 3/22/6 8/21/6
f 7/24/6 4/23/6 8/21/6
o cube
v 0.21605318461440598 0.865709171013525 -0.24009650433255386
v 0.23757350879375655 0.862875966586423 -0.3631974734590799
v 0.17526374954563986 0.5558826518342092 -0.24009650433255386
v 0.19678407372499043 0.5530494474071073 -0.3631974734590799
v 0.11552568552312625 0.8789438673451067 -0.38490349566744614
v 0.09400536134377568 0.8817770717722084 -0.2618025265409201
v 0.07473625045436014 0.5691173481657908 -0.38490349566744614
v 0.05321592627500957 0.5719505525928927 -0.2618025265409201
vt 0.0625 0.96875
vt 0.03125 0.96875
vt 0.03125 0.890625
vt 0.0625 0.890625
vt 0.09375 0.96875
vt 0.0625 0.96875
vt 0.0625 0.890625
vt 0.09375 0.890625
vt 0.125 0.96875
vt 0.09375 0.96875
vt 0.09375 0.890625
vt 0.125 0.890625
vt 0.03125 0.96875
vt 0 0.96875
vt 0 0.890625
vt 0.03125 0.890625
vt 0.03125 0.96875
vt 0.0625 0.96875
vt 0.0625 1
vt 0.03125 1
vt 0.0625 1
vt 0.09375 1
vt 0.09375 0.96875
vt 0.0625 0.96875
vn 0.17216259343480456 -0.02266563541681542 -0.9848077530122082
vn 0.9763825861650425 -0.12854320606946856 0.17364817766693036
vn -0.17216259343480456 0.02266563541681542 0.9848077530122082
vn -0.9763825861650425 0.12854320606946856 -0.17364817766693036
vn 0.13052619222005157 0.9914448613738104 -0
vn -0.13052619222005157 -0.9914448613738104 0
usemtl m_93f66b50-9d6b-8342-3e1c-3077f30a1794
f 15/27/7 13/26/7 10/25/7
f 12/28/7 15/27/7 10/25/7
f 12/31/8 10/30/8 9/29/8
f 11/32/8 12/31/8 9/29/8
f 11/35/9 9/34/9 14/33/9
f 16/36/9 11/35/9 14/33/9
f 16/39/10 14/38/10 13/37/10
f 15/40/10 16/39/10 13/37/10
f 9/43/11 10/42/11 13/41/11
f 14/44/11 9/43/11 13/41/11
f 12/47/12 11/46/12 16/45/12
f 15/48/12 12/47/12 16/45/12
o cube
v 0.3125 0.5575081447830587 0.3964354351400359
v 0.3125 0.6877442780332563 -0.3421703796191201
v 0.3125 0.3113062065300066 0.3530233907233033
v 0.3125 0.4415423397802044 -0.3855824240358527
v -0.3125 0.6877442780332563 -0.3421703796191201
v -0.3125 0.5575081447830587 0.3964354351400359
v -0.3125 0.4415423397802044 -0.3855824240358527
v -0.3125 0.3113062065300066 0.3530233907233033
vt 0.1875 0.8125
vt 0.34375 0.8125
vt 0.34375 0.75
vt 0.1875 0.75
vt 0 0.8125
vt 0.1875 0.8125
vt 0.1875 0.75
vt 0 0.75
vt 0.53125 0.8125
vt 0.6875 0.8125
vt 0.6875 0.75
vt 0.53125 0.75
vt 0.34375 0.8125
vt 0.53125 0.8125
vt 0.53125 0.75
vt 0.34375 0.75
vt 0.34375 0.8125
vt 0.1875 0.8125
vt 0.1875 1
vt 0.34375 1
vt 0.5 1
vt 0.34375 1
vt 0.34375 0.8125
vt 0.5 0.8125
vn 0 0.17364817766693033 -0.984807753012208
vn 1 0 0
vn 0 -0.17364817766693033 0.984807753012208
vn -1 0 0
vn 0 0.984807753012208 0.17364817766693033
vn 0 -0.984807753012208 -0.17364817766693033
usemtl m_93f66b50-9d6b-8342-3e1c-3077f30a1794
f 23/51/13 21/50/13 18/49/13
f 20/52/13 23/51/13 18/49/13
f 20/55/14 18/54/14 17/53/14
f 19/56/14 20/55/14 17/53/14
f 19/59/15 17/58/15 22/57/15
f 24/60/15 19/59/15 22/57/15
f 24/63/16 22/62/16 21/61/16
f 23/64/16 24/63/16 21/61/16
f 17/67/17 18/66/17 21/65/17
f 22/68/17 17/67/17 21/65/17
f 20/71/18 19/70/18 24/69/18
f 23/72/18 20/71/18 24/69/18
o cube
v 0.28125 0.32215921763418975 0.3227229061600403
v 0.28125 0.4415423397802044 -0.3543324240358527
v 0.28125 0.1990582485076638 0.301016883951674
v 0.28125 0.3184413706536784 -0.376038446244219
v -0.28125 0.4415423397802044 -0.3543324240358527
v -0.28125 0.32215921763418975 0.3227229061600403
v -0.28125 0.3184413706536784 -0.376038446244219
v -0.28125 0.1990582485076638 0.301016883951674
vt 0.171875 0.578125
vt 0.3125 0.578125
vt 0.3125 0.546875
vt 0.171875 0.546875
vt 0 0.578125
vt 0.171875 0.578125
vt 0.171875 0.546875
vt 0 0.546875
vt 0.484375 0.578125
vt 0.625 0.578125
vt 0.625 0.546875
vt 0.484375 0.546875
vt 0.3125 0.578125
vt 0.484375 0.578125
vt 0.484375 0.546875
vt 0.3125 0.546875
vt 0.3125 0.578125
vt 0.171875 0.578125
vt 0.171875 0.75
vt 0.3125 0.75
vt 0.453125 0.75
vt 0.3125 0.75
vt 0.3125 0.578125
vt 0.453125 0.578125
vn 0 0.17364817766693033 -0.984807753012208
vn 1 0 0
vn 0 -0.17364817766693033 0.984807753012208
vn -1 0 0
vn 0 0.984807753012208 0.17364817766693033
vn 0 -0.984807753012208 -0.17364817766693033
usemtl m_93f66b50-9d6b-8342-3e1c-3077f30a1794
f 31/75/19 29/74/19 26/73/19
f 28/76/19 31/75/19 26/73/19
f 28/79/20 26/78/20 25/77/20
f 27/80/20 28/79/20 25/77/20
f 27/83/21 25/82/21 30/81/21
f 32/84/21 27/83/21 30/81/21
f 32/87/22 30/86/22 29/85/22
f 31/88/22 32/87/22 29/85/22
f 25/91/23 26/90/23 29/89/23
f 30/92/23 25/91/23 29/89/23
f 28/95/24 27/94/24 32/93/24
f 31/96/24 28/95/24 32/93/24
o cube
v 0.328125 0.5701825131478286 0.4145363090568974
v 0.328125 0.7058451519501179 -0.3548447479838901
v 0.328125 0.2932053326131451 0.3656977590880732
v 0.328125 0.4288679714154344 -0.4036832979527143
v -0.328125 0.7058451519501179 -0.3548447479838901
v -0.328125 0.5701825131478286 0.4145363090568974
v -0.328125 0.4288679714154344 -0.4036832979527143
v -0.328125 0.2932053326131451 0.3656977590880732
vt 0.5 0.0625
vt 0.65625 0.0625
vt 0.65625 0
vt 0.5 0
vt 0.3125 0.0625
vt 0.5 0.0625
vt 0.5 0
vt 0.3125 0
vt 0.84375 0.0625
vt 1 0.0625
vt 1 0
vt 0.84375 0
vt 0.65625 0.0625
vt 0.84375 0.0625
vt 0.84375 0
vt 0.65625 0
vt 0.65625 0.0625
vt 0.5 0.0625
vt 0.5 0.25
vt 0.65625 0.25
vt 0.8125 0.25
vt 0.65625 0.25
vt 0.65625 0.0625
vt 0.8125 0.0625
vn 0 0.17364817766693033 -0.984807753012208
vn 1 0 0
vn 0 -0.17364817766693033 0.984807753012208
vn -1 0 0
vn 0 0.984807753012208 0.17364817766693033
vn 0 -0.984807753012208 -0.17364817766693033
usemtl m_93f66b50-9d6b-8342-3e1c-3077f30a1794
f 39/99/25 37/98/25 34/97/25
f 36/100/25 39/99/25 34/97/25
f 36/103/26 34/102/26 33/101/26
f 35/104/26 36/103/26 33/101/26
f 35/107/27 33/106/27 38/105/27
f 40/108/27 35/107/27 38/105/27
f 40/111/28 38/110/28 37/109/28
f 39/112/28 40/111/28 37/109/28
f 33/115/29 34/114/29 37/113/29
f 38/116/29 33/115/29 37/113/29
f 36/119/30 35/118/30 40/117/30
f 39/120/30 36/119/30 40/117/30
o cube
v 0.26830582617584076 0.4450825214724776 -0.1875
v 0.26830582617584076 0.4450825214724776 -0.3125
v 0.6218592167691146 0.09152913087920392 -0.1875
v 0.6218592167691146 0.09152913087920392 -0.3125
v 0.17991747852752232 0.3566941738241592 -0.3125
v 0.17991747852752232 0.3566941738241592 -0.1875
v 0.5334708691207961 0.0031407832308854577 -0.3125
v 0.5334708691207961 0.0031407832308854577 -0.1875
vt 0.03125 0.515625
vt 0.0625 0.515625
vt 0.0625 0.390625
vt 0.03125 0.390625
vt 0 0.515625
vt 0.03125 0.515625
vt 0.03125 0.390625
vt 0 0.390625
vt 0.09375 0.515625
vt 0.125 0.515625
vt 0.125 0.390625
vt 0.09375 0.390625
vt 0.0625 0.515625
vt 0.09375 0.515625
vt 0.09375 0.390625
vt 0.0625 0.390625
vt 0.0625 0.515625
vt 0.03125 0.515625
vt 0.03125 0.546875
vt 0.0625 0.546875
vt 0.09375 0.546875
vt 0.0625 0.546875
vt 0.0625 0.515625
vt 0.09375 0.515625
vn 0 0 -1
vn 0.7071067811865475 0.7071067811865476 0
vn 0 0 1
vn -0.7071067811865475 -0.7071067811865476 0
vn -0.7071067811865476 0.7071067811865475 0
vn 0.7071067811865476 -0.7071067811865475 0
usemtl m_93f66b50-9d6b-8342-3e1c-3077f30a1794
f 47/123/31 45/122/31 42/121/31
f 44/124/31 47/123/31 42/121/31
f 44/127/32 42/126/32 41/125/32
f 43/128/32 44/127/32 41/125/32
f 43/131/33 41/130/33 46/129/33
f 48/132/33 43/131/33 46/129/33
f 48/135/34 46/134/34 45/133/34
f 47/136/34 48/135/34 45/133/34
f 41/139/35 42/138/35 45/137/35
f 46/140/35 41/139/35 45/137/35
f 44/143/36 43/142/36 48/141/36
f 47/144/36 44/143/36 48/141/36
o cube
v 0.26830582617584076 0.4450825214724776 -0.015625
v 0.26830582617584076 0.4450825214724776 -0.140625
v 0.6218592167691146 0.09152913087920392 -0.015625
v 0.6218592167691146 0.09152913087920392 -0.140625
v 0.17991747852752232 0.3566941738241592 -0.140625
v 0.17991747852752232 0.3566941738241592 -0.015625
v 0.5334708691207961 0.0031407832308854577 -0.140625
v 0.5334708691207961 0.0031407832308854577 -0.015625
vt 0.03125 0.515625
vt 0.0625 0.515625
vt 0.0625 0.390625
vt 0.03125 0.390625
vt 0 0.515625
vt 0.03125 0.515625
vt 0.03125 0.390625
vt 0 0.390625
vt 0.09375 0.515625
vt 0.125 0.515625
vt 0.125 0.390625
vt 0.09375 0.390625
vt 0.0625 0.515625
vt 0.09375 0.515625
vt 0.09375 0.390625
vt 0.0625 0.390625
vt 0.0625 0.515625
vt 0.03125 0.515625
vt 0.03125 0.546875
vt 0.0625 0.546875
vt 0.09375 0.546875
vt 0.0625 0.546875
vt 0.0625 0.515625
vt 0.09375 0.515625
vn 0 0 -1
vn 0.7071067811865475 0.7071067811865476 0
vn 0 0 1
vn -0.7071067811865475 -0.7071067811865476 0
vn -0.7071067811865476 0.7071067811865475 0
vn 0.7071067811865476 -0.7071067811865475 0
usemtl m_93f66b50-9d6b-8342-3e1c-3077f30a1794
f 55/147/37 53/146/37 50/145/37
f 52/148/37 55/147/37 50/145/37
f 52/151/38 50/150/38 49/149/38
f 51/152/38 52/151/38 49/149/38
f 51/155/39 49/154/39 54/153/39
f 56/156/39 51/155/39 54/153/39
f 56/159/40 54/158/40 53/157/40
f 55/160/40 56/159/40 53/157/40
f 49/163/41 50/162/41 53/161/41
f 54/164/41 49/163/41 53/161/41
f 52/167/42 51/166/42 56/165/42
f 55/168/42 52/167/42 56/165/42
o cube
v 0.26830582617584076 0.4450825214724776 0.15625
v 0.26830582617584076 0.4450825214724776 0.03125
v 0.6218592167691146 0.09152913087920392 0.15625
v 0.6218592167691146 0.09152913087920392 0.03125
v 0.17991747852752232 0.3566941738241592 0.03125
v 0.17991747852752232 0.3566941738241592 0.15625
v 0.5334708691207961 0.0031407832308854577 0.03125
v 0.5334708691207961 0.0031407832308854577 0.15625
vt 0.03125 0.515625
vt 0.0625 0.515625
vt 0.0625 0.390625
vt 0.03125 0.390625
vt 0 0.515625
vt 0.03125 0.515625
vt 0.03125 0.390625
vt 0 0.390625
vt 0.09375 0.515625
vt 0.125 0.515625
vt 0.125 0.390625
vt 0.09375 0.390625
vt 0.0625 0.515625
vt 0.09375 0.515625
vt 0.09375 0.390625
vt 0.0625 0.390625
vt 0.0625 0.515625
vt 0.03125 0.515625
vt 0.03125 0.546875
vt 0.0625 0.546875
vt 0.09375 0.546875
vt 0.0625 0.546875
vt 0.0625 0.515625
vt 0.09375 0.515625
vn 0 0 -1
vn 0.7071067811865475 0.7071067811865476 0
vn 0 0 1
vn -0.7071067811865475 -0.7071067811865476 0
vn -0.7071067811865476 0.7071067811865475 0
vn 0.7071067811865476 -0.7071067811865475 0
usemtl m_93f66b50-9d6b-8342-3e1c-3077f30a1794
f 63/171/43 61/170/43 58/169/43
f 60/172/43 63/171/43 58/169/43
f 60/175/44 58/174/44 57/173/44
f 59/176/44 60/175/44 57/173/44
f 59/179/45 57/178/45 62/177/45
f 64/180/45 59/179/45 62/177/45
f 64/183/46 62/182/46 61/181/46
f 63/184/46 64/183/46 61/181/46
f 57/187/47 58/186/47 61/185/47
f 62/188/47 57/187/47 61/185/47
f 60/191/48 59/190/48 64/189/48
f 63/192/48 60/191/48 64/189/48
o cube
v 0.26830582617584076 0.4450825214724776 0.328125
v 0.26830582617584076 0.4450825214724776 0.203125
v 0.6218592167691146 0.09152913087920392 0.328125
v 0.6218592167691146 0.09152913087920392 0.203125
v 0.17991747852752232 0.3566941738241592 0.203125
v 0.17991747852752232 0.3566941738241592 0.328125
v 0.5334708691207961 0.0031407832308854577 0.203125
v 0.5334708691207961 0.0031407832308854577 0.328125
vt 0.03125 0.515625
vt 0.0625 0.515625
vt 0.0625 0.390625
vt 0.03125 0.390625
vt 0 0.515625
vt 0.03125 0.515625
vt 0.03125 0.390625
vt 0 0.390625
vt 0.09375 0.515625
vt 0.125 0.515625
vt 0.125 0.390625
vt 0.09375 0.390625
vt 0.0625 0.515625
vt 0.09375 0.515625
vt 0.09375 0.390625
vt 0.0625 0.390625
vt 0.0625 0.515625
vt 0.03125 0.515625
vt 0.03125 0.546875
vt 0.0625 0.546875
vt 0.09375 0.546875
vt 0.0625 0.546875
vt 0.0625 0.515625
vt 0.09375 0.515625
vn 0 0 -1
vn 0.7071067811865475 0.7071067811865476 0
vn 0 0 1
vn -0.7071067811865475 -0.7071067811865476 0
vn -0.7071067811865476 0.7071067811865475 0
vn 0.7071067811865476 -0.7071067811865475 0
usemtl m_93f66b50-9d6b-8342-3e1c-3077f30a1794
f 71/195/49 69/194/49 66/193/49
f 68/196/49 71/195/49 66/193/49
f 68/199/50 66/198/50 65/197/50
f 67/200/50 68/199/50 65/197/50
f 67/203/51 65/202/51 70/201/51
f 72/204/51 67/203/51 70/201/51
f 72/207/52 70/206/52 69/205/52
f 71/208/52 72/207/52 69/205/52
f 65/211/53 66/210/53 69/209/53
f 70/212/53 65/211/53 69/209/53
f 68/215/54 67/214/54 72/213/54
f 71/216/54 68/215/54 72/213/54
o cube
v -0.17991747852752232 0.3566941738241592 -0.1875
v -0.17991747852752232 0.3566941738241592 -0.3125
v -0.5334708691207961 0.0031407832308854577 -0.1875
v -0.5334708691207961 0.0031407832308854577 -0.3125
v -0.26830582617584076 0.4450825214724777 -0.3125
v -0.26830582617584076 0.4450825214724777 -0.1875
v -0.6218592167691146 0.09152913087920395 -0.3125
v -0.6218592167691146 0.09152913087920395 -0.1875
vt 0.0625 0.515625
vt 0.03125 0.515625
vt 0.03125 0.390625
vt 0.0625 0.390625
vt 0.09375 0.515625
vt 0.0625 0.515625
vt 0.0625 0.390625
vt 0.09375 0.390625
vt 0.125 0.515625
vt 0.09375 0.515625
vt 0.09375 0.390625
vt 0.125 0.390625
vt 0.03125 0.515625
vt 0 0.515625
vt 0 0.390625
vt 0.03125 0.390625
vt 0.03125 0.515625
vt 0.0625 0.515625
vt 0.0625 0.546875
vt 0.03125 0.546875
vt 0.0625 0.546875
vt 0.09375 0.546875
vt 0.09375 0.515625
vt 0.0625 0.515625
vn 0 0 -1
vn 0.7071067811865475 -0.7071067811865477 0
vn 0 0 1
vn -0.7071067811865475 0.7071067811865477 0
vn 0.7071067811865477 0.7071067811865475 0
vn -0.7071067811865477 -0.7071067811865475 0
usemtl m_93f66b50-9d6b-8342-3e1c-3077f30a1794
f 79/219/55 77/218/55 74/217/55
f 76/220/55 79/219/55 74/217/55
f 76/223/56 74/222/56 73/221/56
f 75/224/56 76/223/56 73/221/56
f 75/227/57 73/226/57 78/225/57
f 80/228/57 75/227/57 78/225/57
f 80/231/58 78/230/58 77/229/58
f 79/232/58 80/231/58 77/229/58
f 73/235/59 74/234/59 77/233/59
f 78/236/59 73/235/59 77/233/59
f 76/239/60 75/238/60 80/237/60
f 79/240/60 76/239/60 80/237/60
o cube
v -0.17991747852752232 0.3566941738241592 -0.015625
v -0.17991747852752232 0.3566941738241592 -0.140625
v -0.5334708691207961 0.0031407832308854577 -0.015625
v -0.5334708691207961 0.0031407832308854577 -0.140625
v -0.26830582617584076 0.4450825214724777 -0.140625
v -0.26830582617584076 0.4450825214724777 -0.015625
v -0.6218592167691146 0.09152913087920395 -0.140625
v -0.6218592167691146 0.09152913087920395 -0.015625
vt 0.0625 0.515625
vt 0.03125 0.515625
vt 0.03125 0.390625
vt 0.0625 0.390625
vt 0.09375 0.515625
vt 0.0625 0.515625
vt 0.0625 0.390625
vt 0.09375 0.390625
vt 0.125 0.515625
vt 0.09375 0.515625
vt 0.09375 0.390625
vt 0.125 0.390625
vt 0.03125 0.515625
vt 0 0.515625
vt 0 0.390625
vt 0.03125 0.390625
vt 0.03125 0.515625
vt 0.0625 0.515625
vt 0.0625 0.546875
vt 0.03125 0.546875
vt 0.0625 0.546875
vt 0.09375 0.546875
vt 0.09375 0.515625
vt 0.0625 0.515625
vn 0 0 -1
vn 0.7071067811865475 -0.7071067811865477 0
vn 0 0 1
vn -0.7071067811865475 0.7071067811865477 0
vn 0.7071067811865477 0.7071067811865475 0
vn -0.7071067811865477 -0.7071067811865475 0
usemtl m_93f66b50-9d6b-8342-3e1c-3077f30a1794
f 87/243/61 85/242/61 82/241/61
f 84/244/61 87/243/61 82/241/61
f 84/247/62 82/246/62 81/245/62
f 83/248/62 84/247/62 81/245/62
f 83/251/63 81/250/63 86/249/63
f 88/252/63 83/251/63 86/249/63
f 88/255/64 86/254/64 85/253/64
f 87/256/64 88/255/64 85/253/64
f 81/259/65 82/258/65 85/257/65
f 86/260/65 81/259/65 85/257/65
f 84/263/66 83/262/66 88/261/66
f 87/264/66 84/263/66 88/261/66
o cube
v -0.17991747852752232 0.3566941738241592 0.15625
v -0.17991747852752232 0.3566941738241592 0.03125
v -0.5334708691207961 0.0031407832308854577 0.15625
v -0.5334708691207961 0.0031407832308854577 0.03125
v -0.26830582617584076 0.4450825214724777 0.03125
v -0.26830582617584076 0.4450825214724777 0.15625
v -0.6218592167691146 0.09152913087920395 0.03125
v -0.6218592167691146 0.09152913087920395 0.15625
vt 0.0625 0.515625
vt 0.03125 0.515625
vt 0.03125 0.390625
vt 0.0625 0.390625
vt 0.09375 0.515625
vt 0.0625 0.515625
vt 0.0625 0.390625
vt 0.09375 0.390625
vt 0.125 0.515625
vt 0.09375 0.515625
vt 0.09375 0.390625
vt 0.125 0.390625
vt 0.03125 0.515625
vt 0 0.515625
vt 0 0.390625
vt 0.03125 0.390625
vt 0.03125 0.515625
vt 0.0625 0.515625
vt 0.0625 0.546875
vt 0.03125 0.546875
vt 0.0625 0.546875
vt 0.09375 0.546875
vt 0.09375 0.515625
vt 0.0625 0.515625
vn 0 0 -1
vn 0.7071067811865475 -0.7071067811865477 0
vn 0 0 1
vn -0.7071067811865475 0.7071067811865477 0
vn 0.7071067811865477 0.7071067811865475 0
vn -0.7071067811865477 -0.7071067811865475 0
usemtl m_93f66b50-9d6b-8342-3e1c-3077f30a1794
f 95/267/67 93/266/67 90/265/67
f 92/268/67 95/267/67 90/265/67
f 92/271/68 90/270/68 89/269/68
f 91/272/68 92/271/68 89/269/68
f 91/275/69 89/274/69 94/273/69
f 96/276/69 91/275/69 94/273/69
f 96/279/70 94/278/70 93/277/70
f 95/280/70 96/279/70 93/277/70
f 89/283/71 90/282/71 93/281/71
f 94/284/71 89/283/71 93/281/71
f 92/287/72 91/286/72 96/285/72
f 95/288/72 92/287/72 96/285/72
o cube
v -0.17991747852752232 0.3566941738241592 0.328125
v -0.17991747852752232 0.3566941738241592 0.203125
v -0.5334708691207961 0.0031407832308854577 0.328125
v -0.5334708691207961 0.0031407832308854577 0.203125
v -0.26830582617584076 0.4450825214724777 0.203125
v -0.26830582617584076 0.4450825214724777 0.328125
v -0.6218592167691146 0.09152913087920395 0.203125
v -0.6218592167691146 0.09152913087920395 0.328125
vt 0.0625 0.515625
vt 0.03125 0.515625
vt 0.03125 0.390625
vt 0.0625 0.390625
vt 0.09375 0.515625
vt 0.0625 0.515625
vt 0.0625 0.390625
vt 0.09375 0.390625
vt 0.125 0.515625
vt 0.09375 0.515625
vt 0.09375 0.390625
vt 0.125 0.390625
vt 0.03125 0.515625
vt 0 0.515625
vt 0 0.390625
vt 0.03125 0.390625
vt 0.03125 0.515625
vt 0.0625 0.515625
vt 0.0625 0.546875
vt 0.03125 0.546875
vt 0.0625 0.546875
vt 0.09375 0.546875
vt 0.09375 0.515625
vt 0.0625 0.515625
vn 0 0 -1
vn 0.7071067811865475 -0.7071067811865477 0
vn 0 0 1
vn -0.7071067811865475 0.7071067811865477 0
vn 0.7071067811865477 0.7071067811865475 0
vn -0.7071067811865477 -0.7071067811865475 0
usemtl m_93f66b50-9d6b-8342-3e1c-3077f30a1794
f 103/291/73 101/290/73 98/289/73
f 100/292/73 103/291/73 98/289/73
f 100/295/74 98/294/74 97/293/74
f 99/296/74 100/295/74 97/293/74
f 99/299/75 97/298/75 102/297/75
f 104/300/75 99/299/75 102/297/75
f 104/303/76 102/302/76 101/301/76
f 103/304/76 104/303/76 101/301/76
f 97/307/77 98/306/77 101/305/77
f 102/308/77 97/307/77 101/305/77
f 100/311/78 99/310/78 104/309/78
f 103/312/78 100/311/78 104/309/78
o cube
v -0.24112801775980316 0.49048494156391087 -0.3456740625049921
v -0.1661414692565315 0.34697865442700215 -0.6839165244989671
v -0.2618349813502052 0.2595150584360892 -0.25227098575274504
v -0.18684843284693353 0.11600877129918047 -0.59051344774672
v -0.349196970591519 0.34697865442700215 -0.7244989521123614
v -0.4241835190947907 0.49048494156391087 -0.3862564901183864
v -0.369903934181921 0.11600877129918047 -0.6310958753601142
v -0.4448904826851927 0.2595150584360892 -0.29285341336613935
vt 0.140625 0.296875
vt 0.09375 0.296875
vt 0.09375 0.234375
vt 0.140625 0.234375
vt 0.234375 0.296875
vt 0.140625 0.296875
vt 0.140625 0.234375
vt 0.234375 0.234375
vt 0.28125 0.296875
vt 0.234375 0.296875
vt 0.234375 0.234375
vt 0.28125 0.234375
vt 0.09375 0.296875
vt 0 0.296875
vt 0 0.234375
vt 0.09375 0.234375
vt 0.09375 0.296875
vt 0.140625 0.296875
vt 0.140625 0.390625
vt 0.09375 0.390625
vt 0.140625 0.390625
vt 0.1875 0.390625
vt 0.1875 0.296875
vt 0.140625 0.296875
vn 0.19996412934205784 -0.38268343236508984 -0.9019798986505999
vn 0.9762960071199334 0 0.21643961393810282
vn -0.19996412934205784 0.38268343236508984 0.9019798986505999
vn -0.9762960071199334 0 -0.21643961393810282
vn 0.08282785436160814 0.9238795325112867 -0.3736123070089883
vn -0.08282785436160814 -0.9238795325112867 0.3736123070089883
usemtl m_93f66b50-9d6b-8342-3e1c-3077f30a1794
f 111/315/79 109/314/79 106/313/79
f 108/316/79 111/315/79 106/313/79
f 108/319/80 106/318/80 105/317/80
f 107/320/80 108/319/80 105/317/80
f 107/323/81 105/322/81 110/321/81
f 112/324/81 107/323/81 110/321/81
f 112/327/82 110/326/82 109/325/82
f 111/328/82 112/327/82 109/325/82
f 105/331/83 106/330/83 109/329/83
f 110/332/83 105/331/83 109/329/83
f 108/335/84 107/334/84 112/333/84
f 111/336/84 108/335/84 112/333/84
o cube
v 0.42418351909479063 0.49048494156391087 -0.38625649011838636
v 0.34919697059151894 0.34697865442700215 -0.7244989521123613
v 0.44489048268519266 0.2595150584360892 -0.2928534133661393
v 0.36990393418192097 0.11600877129918047 -0.6310958753601142
v 0.16614146925653145 0.34697865442700215 -0.6839165244989671
v 0.24112801775980314 0.49048494156391087 -0.3456740625049921
v 0.18684843284693348 0.11600877129918047 -0.59051344774672
v 0.26183498135020516 0.2595150584360892 -0.252270985752745
vt 0.09375 0.296875
vt 0.140625 0.296875
vt 0.140625 0.234375
vt 0.09375 0.234375
vt 0 0.296875
vt 0.09375 0.296875
vt 0.09375 0.234375
vt 0 0.234375
vt 0.234375 0.296875
vt 0.28125 0.296875
vt 0.28125 0.234375
vt 0.234375 0.234375
vt 0.140625 0.296875
vt 0.234375 0.296875
vt 0.234375 0.234375
vt 0.140625 0.234375
vt 0.140625 0.296875
vt 0.09375 0.296875
vt 0.09375 0.390625
vt 0.140625 0.390625
vt 0.1875 0.390625
vt 0.140625 0.390625
vt 0.140625 0.296875
vt 0.1875 0.296875
vn -0.19996412934205787 -0.3826834323650899 -0.9019798986506001
vn 0.9762960071199334 -0 -0.21643961393810285
vn 0.19996412934205787 0.3826834323650899 0.9019798986506001
vn -0.9762960071199334 0 0.21643961393810285
vn -0.08282785436160811 0.9238795325112867 -0.3736123070089883
vn 0.08282785436160811 -0.9238795325112867 0.3736123070089883
usemtl m_93f66b50-9d6b-8342-3e1c-3077f30a1794
f 119/339/85 117/338/85 114/337/85
f 116/340/85 119/339/85 114/337/85
f 116/343/86 114/342/86 113/341/86
f 115/344/86 116/343/86 113/341/86
f 115/347/87 113/346/87 118/345/87
f 120/348/87 115/347/87 118/345/87
f 120/351/88 118/350/88 117/349/88
f 119/352/88 120/351/88 117/349/88
f 113/355/89 114/354/89 117/353/89
f 118/356/89 113/355/89 117/353/89
f 116/359/90 115/358/90 120/357/90
f 119/360/90 116/359/90 120/357/90